0  //Mode  
30 //Number of bodies 
5  //Time period in number of weeks 
6  //Time period in number of days 

4.2831803E24
1.95078717E11
-3.3514111E11
50686.33
-8782.28

4.579938E24
1.01363892E11
4.9870594E10
67892.91
-12122.606

5.550874E24
-3.69982931E11
7.2565441E10
-104198.484
51536.96

5.671892E24
1.0204926E11
-7.1951294E10
-20302.51
11132.353

4.2710303E24
1.62903097E11
2.19362329E11
27401.803
30637.148

3.8660608E24
-6.8191338E10
-1.67588921E11
-23105.842
-17515.426

1.2005703E24
-2.95848706E11
3.12615371E11
-31043.33
61434.76

5.7908665E24
-2.25967129E11
-1.22873577E11
-84167.89
-5944.2046

4.4218647E24
1.8538478E11
1.60175194E11
17798.574
-4479.501

1.2837606E23
1.35270842E11
-2.51196113E11
25147.72
-54093.363

3.9139578E24
1.8985522E11
-1.96382917E11
66116.69
-80002.93

9.817642E23
1.38404495E11
-4.35693224E11
-47854.824
-113324.29

8.002101E23
-4.13685678E11
2.29245207E11
-105230.89
55062.906

4.3752175E24
-2.06248559E11
3.23992093E11
-4628.3843
32694.406

1.2305339E24
-8.0988266E10
-2.49151406E11
-10782.442
1124.148

3.802813E24
-1.45182638E11
3.47572535E11
-18207.232
8852.126

3.892472E24
1.0736486E11
1.50467314E11
-6973.509
14992.8545

3.9563663E24
-2.61803672E11
-4.64335602E11
-69933.164
-81131.87

3.0162557E24
-1.17806367E11
-6.1786939E10
49837.473
-28716.354

1.1497752E24
-7.9874474E10
-4.04703904E11
-15186.261
-50275.68

3.666858E24
4.49722909E11
1.24751028E11
66406.05
23441.371

2.9393987E24
-5.6377905E10
-2.05611155E11
-59543.703
-27608.996

2.0186955E24
1.38198876E11
5.9753805E11
17670.379
109584.54

4.902218E24
4.57042035E11
1.52035426E11
98749.26
18011.701

4.145516E24
3.48934963E11
2.6106377E11
33768.562
70059.89

4.664322E24
1.61215463E11
3.41267382E11
65896.15
47387.434

1.88652E24
-2.31606288E11
1.39218616E11
-31204.615
67604.016

1.776302E24
-4.14898979E11
-3.22508206E10
-34410.81
24754.834

2.7885024E24
-7.84273E10
-1.83214522E11
-1739.0907
-40167.176

9.462382E23
6.2724215E10
-1.72929909E11
22910.68
-9488.791

