0  //Mode  
9 //Number of bodies 
90  //Time period in number of weeks 
5  //Time period in number of days 

1.98855E30
3.50621888E8
1.2578724E8
11.511494
6.13069

3.285E23
5.6183997E9
5.2154454E10
-50379.3
17358.477

4.867E24
4.9661022E10
-9.7377444E10
30977.809
15626.747

5.97219E24
-1.55544269E10
-1.50348694E11
29330.197
-2845.899

6.4174E23
1.77169596E11
-1.13364926E11
13075.069
22592.154

1.898E27
4.08041193E11
6.3744881E11
-11004.112
7704.388

5.683E26
1.24447765E12
5.43693341E11
-3873.5537
9376.487

8.681E25
2.71464766E12
3.88827152E11
-967.97644
7041.4795

1.024E26
4.4343047E12
3.0152396E11
-369.13965
5487.5474

