00
9
999
999

1988550000000000000000000000000.00
0.00
0.00
0.00
0.00

328499999999999990000000.00
46001200000.00
0.00
0.00
58980.00

4867000000000000100000000.00
107477000000.00
0.00
0.00
35260.00

5972190000000000400000000.00
147098161000.00
0.00
0.00
30300.00

641739999999999940000000.00
206655215000.00
0.00
0.00
26500.00

1897999999999999900000000000.00
740573600000.00
0.00
0.00
13720.00

568300000000000010000000000.00
1352600000000.00
0.00
0.00
10180.00

86810000000000007000000000.00
2741300000000.00
0.00
0.00
7110.00

102400000000000010000000000.00
4444450000000.00
0.00
0.00
5500.00