0  //Mode  
9 //Number of bodies 
999  //Time period in number of weeks 
999  //Time period in number of days 

1.98855E30
1.02043219E9
1.23262587E10
-13.25808
10.316657

3.285E23
3.18866739E10
5.8153247E10
-33804.58
37741.094

4.867E24
-1.02803333E11
-2.24846131E10
10178.971
-33072.5

5.97219E24
8.3366756E10
-1.12234299E11
24705.889
16744.938

6.4174E23
-1.83524606E11
-1.47461521E11
15640.784
-16109.2

1.898E27
3.65981073E11
-6.5400432E11
11453.953
6911.6997

5.683E26
-2.03513168E11
-1.40703538E12
9562.858
-846.8907

8.681E25
-4.56687682E11
2.83495734E12
-6747.8677
-819.2746

1.024E26
2.93483839E12
3.35889957E12
-4102.379
3641.0193

