0  //Mode  
9 //Number of bodies 
4900  //Time period in number of weeks 
9  //Time period in number of days 

1.98855E30
8.8771098E8
4.9748922E10
-4.528974
5.245434

3.285E23
1.90746266E9
-7.8200161E9
47324.86
-11286.987

4.867E24
-9.1803566E10
-9.2112742E9
17944.87
-29461.412

5.97219E24
3.06850017E10
-9.7630495E10
28986.293
6194.048

6.4174E23
1.82780903E11
-5.4323741E10
12010.685
23238.46

1.898E27
6.1283133E11
-3.80323168E11
7511.374
11325.019

5.683E26
3.47429667E11
1.40811266E12
-9375.952
2918.7856

8.681E25
1.75465575E12
2.20443417E12
-5300.911
4589.647

1.024E26
-3.99492619E12
-1.99476367E12
2483.2927
-4809.129

